1 1 0 4308.78
1 2 0 13650.3
1 3 0 24439.5
1 4 0 33625.1
1 5 0 74911.2
1 6 0 71567.8
1 7 0 32832.4
1 8 0 7345.91
1 9 0 3982.62
1 10 0 881.982
1 11 0 -0.94431
2 1 0 4461.48
2 2 0 10001.2
2 3 0 20304.4
2 4 0 25437.3
2 5 0 60653.8
2 6 0 53985.9
2 7 0 24328.7
2 8 0 6120.56
2 9 0 3183.24
2 10 0 633.203
2 11 0 -15.724
3 1 0 3023.18
3 2 0 8283.53
3 3 0 15043.8
3 4 0 20501.1
3 5 0 44917.8
3 6 0 42999
3 7 0 17847.5
3 8 0 3935.43
3 9 0 1929.94
3 10 0 362.058
3 11 0 8.09318
4 1 0 1913.78
4 2 0 5349.71
4 3 0 9782.1
4 4 0 14011.9
4 5 0 28424.7
4 6 0 23647.9
4 7 0 10882.4
4 8 0 2705.17
4 9 0 1125.44
4 10 0 250.193
4 11 0 0.168241
5 1 0 1510.52
5 2 0 3509.64
5 3 0 6697.35
5 4 0 8873.56
5 5 0 18875.3
5 6 0 15768.2
5 7 0 6529.87
5 8 0 1407.64
5 9 0 676.843
5 10 0 130.266
5 11 0 -0.885607
6 1 0 897.298
6 2 0 2176.68
6 3 0 3672.35
6 4 0 4764.99
6 5 0 9923.53
6 6 0 7830.41
6 7 0 2957.99
6 8 0 690.135
6 9 0 291.913
6 10 0 74.7586
6 11 0 0.1173
7 1 0 352.141
7 2 0 925.305
7 3 0 1751.88
7 4 0 2193.52
7 5 0 4116.26
7 6 0 3200.78
7 7 0 1190.71
7 8 0 283.128
7 9 0 121.403
7 10 0 -3.8893
7 11 0 -1.82483
